float vertices[] = {
                //M
                -0.9, -0.1, 1.0, 0.5, 0.6,
                -0.8, -0.1, 1.0, 0.5, 0.6,
                -0.6, -0.1, 1.0, 0.5, 0.6,
                -0.5, -0.1, 1.0, 0.5, 0.6,
                -0.8, 0.1, 1.0, 0.5, 0.6,
                -0.7, 0.0, 1.0, 0.5, 0.6,
                -0.6, 0.1, 1.0, 0.5, 0.6,

                -0.9, 0.2, 1.0, 0.5, 0.6,
                -0.8, 0.2, 1.0, 0.5, 0.6,
                -0.7, 0.1, 1.0, 0.5, 0.6,
                -0.6, 0.2, 1.0, 0.5, 0.6,
                -0.5, 0.2, 1.0, 0.5, 0.6,

                //I
                -0.4, -0.1, 1.0, 0.5, 0.6,
                -0.3, -0.1, 1.0, 0.5, 0.6,
                -0.4, 0.2,1.0, 0.5, 0.6,
                -0.3, 0.2, 1.0, 0.5, 0.6,

                //N
                -0.2, -0.1, 1.0, 0.5, 0.6,
                -0.1, -0.1,1.0, 0.5, 0.6,
                0.1, -0.1,1.0, 0.5, 0.6,
                0.2, -0.1, 1.0, 0.5, 0.6,
                -0.2, 0.2, 1.0, 0.5, 0.6,
                -0.1, 0.2, 1.0, 0.5, 0.6,
                0.1, 0.2, 1.0, 0.5, 0.6,
                0.2, 0.2, 1.0, 0.5, 0.6,
                -0.1, 0.1, 1.0, 0.5, 0.6,
                0.1, 0.0, 1.0, 0.5, 0.6,

                //H
                0.3, -0.1, 1.0, 0.5, 0.6,
                0.4, -0.1, 1.0, 0.5, 0.6,
                0.3, 0.2, 1.0, 0.5, 0.6,
                0.4, 0.2, 1.0, 0.5, 0.6,
                0.4, 0.1, 1.0, 0.5, 0.6,
                0.4, 0.0, 1.0, 0.5, 0.6,
                0.5, 0.0, 1.0, 0.5, 0.6,
                0.5, 0.1, 1.0, 0.5, 0.6,
                0.5, 0.2, 1.0, 0.5, 0.6,
                0.6, 0.2, 1.0, 0.5, 0.6,
                0.6, -0.1, 1.0, 0.5, 0.6,
                0.5, -0.1, 1.0, 0.5, 0.6,


        };
        unsigned int indices[] = {
                //M
                0,1,7,
                7,1,4,
                7,9,8,
                7,5,9,
                9,5,10,
                10,5,6,
                2,3,10,
                10,3,11,

                //I
                12, 13, 14,
                14, 13, 15,

                //N
                16, 17,20,
                20,17,21,
                21,24,18,
                21,18,25,
                18,19,22,
                22,19,23,

                //H
                26, 27,28,
                28, 27, 29,
                30,31,32,
                30,32,33,
                37,36,34,
                34,36,35

        };